    0.00000e+00     1.616794119494516e-02 
    3.23359e-02     4.850382358483546e-02 
    6.46718e-02     8.083970597472576e-02 
    9.70076e-02     1.131755883646161e-01 
    1.29344e-01     1.455114707545064e-01 
    1.61679e-01     1.778473531443967e-01 
    1.94015e-01     2.101832355342870e-01 
    2.26351e-01     2.425191179241773e-01 
    2.58687e-01     2.748550003140676e-01 
    2.91023e-01     3.071908827039579e-01 
    3.23359e-01     3.395267650938483e-01 
    3.55695e-01     3.718626474837385e-01 
    3.88031e-01     4.041985298736289e-01 
    4.20366e-01     4.365344122635191e-01 
    4.52702e-01     4.688702946534095e-01 
    4.85038e-01     5.012061770432997e-01 
    5.17374e-01     5.335420594331901e-01 
    5.49710e-01     5.658779418230804e-01 
    5.82046e-01     5.982138242129708e-01 
    6.14382e-01     6.305497066028610e-01 
    6.46718e-01     6.628855889927513e-01 
    6.79054e-01     6.952214713826416e-01 
    7.11389e-01     7.275573537725318e-01 
    7.43725e-01     7.598932361624222e-01 
    7.76061e-01     7.922291185523126e-01 
    8.08397e-01     8.245650009422029e-01 
    8.40733e-01     8.569008833320931e-01 
    8.73069e-01     8.892367657219835e-01 
    9.05405e-01     9.215726481118738e-01 
    9.37741e-01     9.539085305017641e-01 
    9.70076e-01     9.862444128916543e-01 
    1.00241e+00     1.018580295281545e+00 
    1.03475e+00     1.050916177671435e+00 
    1.06708e+00     1.083252060061325e+00 
    1.09942e+00     1.115587942451216e+00 
    1.13176e+00     1.147923824841106e+00 
    1.16409e+00     1.180259707230996e+00 
    1.19643e+00     1.212595589620887e+00 
    1.22876e+00     1.244931472010777e+00 
    1.26110e+00     1.277267354400667e+00 
    1.29344e+00     1.309603236790557e+00 
    1.32577e+00     1.341939119180448e+00 
    1.35811e+00     1.374275001570338e+00 
    1.39044e+00     1.406610883960228e+00 
    1.42278e+00     1.438946766350119e+00 
    1.45511e+00     1.471282648740009e+00 
    1.48745e+00     1.503618531129899e+00 
    1.51979e+00     1.535954413519790e+00 
    1.55212e+00     1.568290295909680e+00 
    1.58446e+00     1.600626178299570e+00 
    1.61679e+00     1.632962060689461e+00 
    1.64913e+00     1.665297943079351e+00 
    1.68147e+00     1.697633825469241e+00 
    1.71380e+00     1.729969707859132e+00 
    1.74614e+00     1.762305590249022e+00 
    1.77847e+00     1.794641472638912e+00 
    1.81081e+00     1.826977355028802e+00 
    1.84315e+00     1.859313237418693e+00 
    1.87548e+00     1.891649119808583e+00 
    1.90782e+00     1.923985002198473e+00 
    1.94015e+00     1.956320884588364e+00 
    1.97249e+00     1.988656766978254e+00 
    2.00482e+00     2.020992649368144e+00 
    2.03716e+00     2.053328531758035e+00 
    9.71450e-05     9.789263997128650e-05 
    9.74228e-05     9.671821434764638e-05 
    9.57806e-05     9.461233944818570e-05 
    9.32161e-05     9.159529599911398e-05 
    8.97538e-05     8.769613977888113e-05 
    8.54272e-05     8.295242179279239e-05 
    8.02778e-05     7.740982663873019e-05 
    7.43553e-05     7.112173253698284e-05 
    6.77168e-05     6.414869727222605e-05 
    6.04261e-05     5.655787498626275e-05 
    5.25534e-05     4.842236944424538e-05 
    4.41747e-05     3.982053001572172e-05 
    3.53705e-05     3.083519711566396e-05 
    2.62256e-05     2.155290440974955e-05 
    1.68282e-05     1.206304545287029e-05 
    7.26878e-06     2.457012775014533e-06 
   -2.36068e-06    -7.172682280565112e-06 
   -1.19674e-05    -1.673330048590493e-05 
   -2.14589e-05    -2.613276785634611e-05 
   -3.07437e-05    -3.528056239043842e-05 
   -3.97324e-05    -4.408858582038988e-05 
   -4.83385e-05    -5.247201206759478e-05 
   -5.64791e-05    -6.035010415450515e-05 
   -6.40757e-05    -6.764699174910405e-05 
   -7.10553e-05    -7.429240183176589e-05 
   -7.73505e-05    -8.022233547366753e-05 
   -8.29009e-05    -8.537968417110520e-05 
   -8.76528e-05    -8.971477983443776e-05 
   -9.15606e-05    -9.318587312745485e-05 
   -9.45866e-05    -9.575953552221073e-05 
   -9.67017e-05    -9.741098123750014e-05 
   -9.78856e-05    -9.910595510076448e-05 
   -9.91060e-05    -9.788555103296126e-05 
   -9.74110e-05    -9.670173985987240e-05 
   -9.57595e-05    -9.458663807349055e-05 
   -9.31859e-05    -9.156061525184001e-05 
   -8.97148e-05    -8.765281365663569e-05 
   -8.53797e-05    -8.290086755069481e-05 
   -8.02223e-05    -7.735054076496439e-05 
   -7.42924e-05    -7.105528599571365e-05 
   -6.76470e-05    -6.407572997524369e-05 
   -6.03501e-05    -5.647908964623305e-05 
   -5.24720e-05    -4.833852481400669e-05 
   -4.40886e-05    -3.973243356059086e-05 
   -3.52806e-05    -3.074369725175607e-05 
   -2.61328e-05    -2.145888233506810e-05 
   -1.67333e-05    -1.196740664477502e-05 
   -7.17268e-06    -2.360678294177632e-06 
    2.45701e-06     7.268784683489571e-06 
    1.20630e-05     1.682824528925764e-05 
    2.15529e-05     2.622564069520994e-05 
    3.08352e-05     3.537046884161121e-05 
    3.98205e-05     4.417466004469350e-05 
    4.84224e-05     5.255342511667482e-05 
    5.65579e-05     6.042607197798144e-05 
    6.41487e-05     6.771678273365112e-05 
    7.11217e-05     7.435534385358267e-05 
    7.74098e-05     8.027782236952330e-05 
    8.29524e-05     8.542718156512308e-05 
    8.76961e-05     8.975383030984663e-05 
    9.15953e-05     9.321610060020191e-05 
    9.46123e-05     9.578064888271509e-05 
    9.67182e-05     9.742277716096037e-05 
    9.78926e-05     9.714502169666517e-05 
